1	4
2	0.556903
3	0.0567502
4	0.00566225
5	0.000563477
6	5.60412e-05
7	5.57149e-06
8	5.53691e-07
9	5.50128e-08
10	5.47679e-09
10	4
11	0.438358
12	0.0472379
13	0.00509228
14	0.00054985
15	5.94733e-05
16	6.44361e-06
17	6.99175e-07
18	7.59909e-08
19	8.29644e-09
19	4
20	0.453162
21	0.0506696
22	0.00567981
23	0.000638936
24	7.21248e-05
25	8.16796e-06
26	9.2779e-07
27	1.05739e-07
28	1.20667e-08
29	1.26929e-09
29	4
30	0.468216
31	0.0543313
32	0.00633756
33	0.000743584
34	8.77206e-05
35	1.03992e-05
36	1.2382e-06
37	1.47913e-07
38	1.78142e-08
39	2.15607e-09
39	4
40	0.483525
41	0.0582344
42	0.00707248
43	0.000866155
44	0.000106871
45	1.32717e-05
46	1.65719e-06
47	2.07886e-07
48	2.6262e-08
49	3.24646e-09
49	4
50	0.499091
51	0.0623912
52	0.00789219
53	0.00100933
54	0.000130299
55	1.69522e-05
56	2.21955e-06
57	2.92014e-07
58	3.85521e-08
59	5.09854e-09
59	4
60	0.514918
61	0.0668145
62	0.00880495
63	0.00117614
64	0.000158858
65	2.16464e-05
66	2.9697e-06
67	4.095e-07
68	5.67061e-08
69	7.89691e-09
69	4
70	0.53101
71	0.0715179
72	0.00981976
73	0.00137003
74	0.000193558
75	2.76073e-05
76	3.96535e-06
77	5.72379e-07
78	8.28957e-08
79	1.21058e-08
80	1.75521e-09
80	4
81	0.547369
82	0.0765153
83	0.0109464
84	0.00159488
85	0.000235585
86	3.51461e-05
87	5.27991e-06
88	7.97028e-07
89	1.20586e-07
90	1.83392e-08
91	2.81844e-09
91	4
92	0.563996
93	0.0818216
94	0.0121956
95	0.0018551
96	0.000286338
97	4.46444e-05
98	7.00754e-06
99	1.10466e-06
100	1.74613e-07
101	2.76249e-08
102	4.4047e-09
102	4
103	0.580893
104	0.0874522
105	0.0135789
106	0.00215566
107	0.000347462
108	5.65688e-05
109	9.26793e-06
110	1.52425e-06
111	2.51227e-07
112	4.13932e-08
113	6.91661e-09
113	4
114	0.59806
115	0.0934232
116	0.0151088
117	0.00250218
118	0.000420888
119	7.14897e-05
120	1.22136e-05
121	2.09351e-06
122	3.59401e-07
123	6.1778e-08
124	1.06462e-08
125	1.85022e-09
125	4
126	0.615496
127	0.0997512
128	0.0167992
129	0.00290099
130	0.000508881
131	9.01023e-05
132	1.60375e-05
133	2.86245e-06
134	5.11541e-07
135	9.14638e-08
136	1.64116e-08
137	2.90588e-09
137	4
138	0.633198
139	0.106453
140	0.0186647
141	0.00335926
142	0.000614097
143	0.000113254
144	2.09843e-05
145	3.89686e-06
146	7.24438e-07
147	1.34611e-07
148	2.50991e-08
149	4.62958e-09
149	4
150	0.651162
151	0.113548
152	0.0207216
153	0.00388503
154	0.000739642
155	0.000141974
156	2.73629e-05
157	5.28315e-06
158	1.02068e-06
159	1.97173e-07
160	3.808e-08
161	7.35358e-09
161	4
162	0.669383
163	0.121052
164	0.0229871
165	0.00448738
166	0.000889153
167	0.000177514
168	3.55632e-05
169	7.13432e-06
170	1.43163e-06
171	2.87272e-07
172	5.76273e-08
173	1.15226e-08
174	2.33094e-09
174	4
175	0.687851
176	0.128984
177	0.0254801
178	0.00517652
179	0.00106687
180	0.000221391
181	4.60756e-05
182	9.59831e-06
183	1.99959e-06
184	4.16436e-07
185	8.66865e-08
186	1.80935e-08
187	3.72847e-09
187	4
188	0.706555
189	0.137364
190	0.0282206
191	0.00596388
192	0.00127775
193	0.000275442
194	5.95169e-05
195	1.2868e-05
196	2.78171e-06
197	6.01133e-07
198	1.29786e-07
199	2.80629e-08
200	6.02658e-09
200	4
201	0.725481
202	0.146208
203	0.0312304
204	0.0068623
205	0.00152757
206	0.000341889
207	7.66609e-05
208	1.71944e-05
209	3.85537e-06
210	8.63989e-07
211	1.9352e-07
212	4.33644e-08
213	9.6851e-09
213	4
214	0.744611
215	0.155535
216	0.0345327
217	0.00788612
218	0.00182301
219	0.000423411
220	9.84769e-05
221	2.2904e-05
222	5.32466e-06
223	1.23714e-06
224	2.87326e-07
225	6.67113e-08
226	1.54772e-08
227	3.58563e-09
227	4
228	0.76392
229	0.165361
230	0.0381519
231	0.00905134
232	0.00217187
233	0.000523241
234	0.000126177
235	3.04199e-05
236	7.32977e-06
237	1.76509e-06
238	4.24862e-07
239	1.0219e-07
240	2.45874e-08
241	5.95372e-09
241	4
242	0.78338
243	0.175703
244	0.042114
245	0.0103757
246	0.00258316
247	0.000645262
248	0.000161271
249	4.02897e-05
250	1.00588e-05
251	2.50972e-06
252	6.25894e-07
253	1.56092e-07
254	3.88996e-08
255	9.64528e-09
255	4
256	0.802956
257	0.186572
258	0.0464464
259	0.011879
260	0.00306726
261	0.000794132
262	0.000205643
263	5.32198e-05
264	1.37633e-05
265	3.55713e-06
266	9.18909e-07
267	2.37363e-07
268	6.12328e-08
269	1.58434e-08
270	4.07528e-09
270	4
271	0.822605
272	0.197979
273	0.051177
274	0.0135827
275	0.00363613
276	0.00097542
277	0.000261625
278	7.01202e-05
279	1.87791e-05
280	5.0262e-06
281	1.34468e-06
282	3.59601e-07
283	9.61421e-08
284	2.57398e-08
285	6.87297e-09
285	4
286	0.842273
287	0.209931
288	0.0563348
289	0.0155106
290	0.00430346
291	0.00119576
292	0.000332106
293	9.21582e-05
294	2.55533e-05
295	7.08101e-06
296	1.96136e-06
297	5.43143e-07
298	1.50338e-07
299	4.16854e-08
300	1.151e-08
301	3.17168e-09
301	4
302	0.861897
303	0.222429
304	0.0619485
305	0.0176885
306	0.00508482
307	0.00146303
308	0.000420646
309	0.000120827
310	3.46782e-05
311	9.94705e-06
312	2.85212e-06
313	8.17525e-07
314	2.34276e-07
315	6.71719e-08
316	1.91869e-08
317	5.55485e-09
317	4
318	0.881401
319	0.235466
320	0.0680462
321	0.0201438
322	0.00599782
323	0.0017865
324	0.000531611
325	0.000158027
326	4.69364e-05
327	1.39329e-05
328	4.1344e-06
329	1.22655e-06
330	3.63776e-07
331	1.0797e-07
332	3.19737e-08
333	9.48998e-09
333	4
334	0.900692
335	0.249027
336	0.0746543
337	0.0229057
338	0.00706222
339	0.00217706
340	0.000670323
341	0.000206165
342	6.3356e-05
343	1.94591e-05
344	5.97457e-06
345	1.83398e-06
346	5.62858e-07
347	1.72787e-07
348	5.30437e-08
349	1.62826e-08
350	4.99716e-09
350	4
351	0.919661
352	0.263086
353	0.0817959
