61
420
6
0 1 2 3 4 5
421
6
0 1 2 3 4 5
422
6
0 1 2 3 4 5
423
6
0 1 2 3 4 5
424
6
0 1 2 3 4 5
425
6
0 1 2 3 4 5
426
6
0 1 2 3 4 5
427
6
0 1 2 3 4 5
428
6
0 1 2 3 4 5
429
6
0 1 2 3 4 5
430
6
0 1 2 3 4 5
431
6
0 1 2 3 4 5
432
6
0 1 2 3 4 5
433
6
0 1 2 3 4 5
434
6
0 1 2 3 4 5
435
6
0 1 2 3 4 5
436
6
0 1 2 3 4 5
437
6
0 1 2 3 4 5
438
6
0 1 2 3 4 5
439
6
0 1 2 3 4 5
440
6
0 1 2 3 4 5
20
1
2
41
1
2
62
1
2
83
1
2
104
1
2
125
1
2
146
1
2
167
1
2
188
1
2
209
1
2
230
1
2
251
1
2
272
1
2
293
1
2
314
1
2
335
1
2
356
1
2
377
1
2
398
1
2
419
1
2
0
1
2
21
1
2
42
1
2
63
1
2
84
1
2
105
1
2
126
1
2
147
1
2
168
1
2
189
1
2
210
1
2
231
1
2
252
1
2
273
1
2
294
1
2
315
1
2
336
1
2
357
1
2
378
1
2
399
1
2
