61
420
5
0 1 2 3 4
421
5
0 1 2 3 4
422
5
0 1 2 3 4
423
5
0 1 2 3 4
424
5
0 1 2 3 4
425
5
0 1 2 3 4
426
5
0 1 2 3 4
427
5
0 1 2 3 4
428
5
0 1 2 3 4
429
5
0 1 2 3 4
430
5
0 1 2 3 4
431
5
0 1 2 3 4
432
5
0 1 2 3 4
433
5
0 1 2 3 4
434
5
0 1 2 3 4
435
5
0 1 2 3 4
436
5
0 1 2 3 4
437
5
0 1 2 3 4
438
5
0 1 2 3 4
439
5
0 1 2 3 4
440
5
0 1 2 3 4
20
2
2 4
41
2
2 4
62
2
2 4
83
2
2 4
104
2
2 4
125
2
2 4
146
2
2 4
167
2
2 4
188
2
2 4
209
2
2 4
230
2
2 4
251
2
2 4
272
2
2 4
293
2
2 4
314
2
2 4
335
2
2 4
356
2
2 4
377
2
2 4
398
2
2 4
419
2
2 4
0
2
2 4
21
2
2 4
42
2
2 4
63
2
2 4
84
2
2 4
105
2
2 4
126
2
2 4
147
2
2 4
168
2
2 4
189
2
2 4
210
2
2 4
231
2
2 4
252
2
2 4
273
2
2 4
294
2
2 4
315
2
2 4
336
2
2 4
357
2
2 4
378
2
2 4
399
2
2 4
