61
420
6
0 1 2 3 4 5
421
6
0 1 2 3 4 5
422
6
0 1 2 3 4 5
423
6
0 1 2 3 4 5
424
6
0 1 2 3 4 5
425
6
0 1 2 3 4 5
426
6
0 1 2 3 4 5
427
6
0 1 2 3 4 5
428
6
0 1 2 3 4 5
429
6
0 1 2 3 4 5
430
6
0 1 2 3 4 5
431
6
0 1 2 3 4 5
432
6
0 1 2 3 4 5
433
6
0 1 2 3 4 5
434
6
0 1 2 3 4 5
435
6
0 1 2 3 4 5
436
6
0 1 2 3 4 5
437
6
0 1 2 3 4 5
438
6
0 1 2 3 4 5
439
6
0 1 2 3 4 5
440
6
0 1 2 3 4 5
20
2
2 4
41
2
2 4
62
2
2 4
83
2
2 4
104
2
2 4
125
2
2 4
146
2
2 4
167
2
2 4
188
2
2 4
209
2
2 4
230
2
2 4
251
2
2 4
272
2
2 4
293
2
2 4
314
2
2 4
335
2
2 4
356
2
2 4
377
2
2 4
398
2
2 4
419
2
2 4
0
2
2 4
21
2
2 4
42
2
2 4
63
2
2 4
84
2
2 4
105
2
2 4
126
2
2 4
147
2
2 4
168
2
2 4
189
2
2 4
210
2
2 4
231
2
2 4
252
2
2 4
273
2
2 4
294
2
2 4
315
2
2 4
336
2
2 4
357
2
2 4
378
2
2 4
399
2
2 4
